Numeros generados:
18.6258, 19.6053, 13.9066, 14.4193, 12.8883, 11.2269, 12.1352, 18.5062, 16.0524, 12.4308,
13.5572, 19.2745, 17.9774, 15.9952, 17.6912, 12.8976, 19.8281, 14.7489, 17.8137, 14.2561,
16.6846, 18.6275, 15.2672, 19.8372, 19.3887, 19.3069, 16.1038, 18.6776, 18.1913, 18.75,
13.8247, 12.829, 14.3983, 15.9813, 12.145, 11.5732, 15.8201, 16.5791, 10.5014, 10.8774,
15.9603, 15.7705, 14.5244, 11.703, 12.3399, 11.2741, 18.5957, 12.4064, 12.1202, 18.2122,
10.6411, 10.4114, 16.8225, 11.1355, 17.5509, 11.6353, 18.8265, 19.4119, 17.548, 14.5676,
11.1797, 14.0414, 14.7896, 17.1961, 13.2277, 15.2355, 12.0565, 11.3695, 15.7301, 18.886,
17.8248, 10.1248, 18.5702, 14.319, 13.0837, 18.8838, 17.2688, 19.4169, 15.1657, 10.5694,
17.1717, 19.7864, 13.7653, 14.5655, 19.6639, 19.9025, 16.3164, 18.3287, 11.181, 17.8408,
11.657, 19.3461, 10.2219, 13.6109, 18.1593, 18.1052, 17.8228, 10.959, 15.6431, 16.7977

Media muestral: 15.4044
Varianza muestral: 9.04
La media muestral es mayor a 15 por 0.4044.